Replay_Cipher_MCPR


[~/Desktop/postdoc/git/luciano/SToRe(dev/luis_testings)]------------------------------[ThinkPad-P1@luis] >> $ python3 replay_cipher_mcpr.py 
Initial marking:  [1, 0, 0, 0, 0, 0, 0, 0, 0]
request:  [1, 0, 0, 0, 0, 0, 0, 0, 0, 1, 0, 0, 0, 0, 0, 0, 0, 0, 0]
result:  (array([[0, 1, 0, 0, 0, 0, 0, 0, 0]]), 0, 1, 1, 0)
new marking:  [0, 1, 0, 0, 0, 0, 0, 0, 0]
m: 0  c: 1  p: 1  r: 0
==================================================
request:  [0, 1, 0, 0, 0, 0, 0, 0, 0, 0, 0, 0, 1, 0, 0, 0, 0, 0, 0]
result:  (array([[0, 0, 1, 0, 0, 1, 0, 0, 0]]), 0, 1, 2, 0)
new marking:  [0, 0, 1, 0, 0, 1, 0, 0, 0]
m: 0  c: 1  p: 2  r: 0
==================================================
request:  [0, 0, 1, 0, 0, 1, 0, 0, 0, 0, 0, 1, 0, 0, 0, 0, 0, 0, 0]
result:  (array([[0, 0, 0, 1, 0, 1, 0, 0, 0]]), 0, 1, 1, 0)
new marking:  [0, 0, 0, 1, 0, 1, 0, 0, 0]
m: 0  c: 1  p: 1  r: 0
==================================================
request:  [0, 0, 0, 1, 0, 1, 0, 0, 0, 0, 0, 0, 0, 0, 0, 1, 0, 0, 0]
result:  (array([[0, 0, 0, 1, 0, 1, 0, 0, 1]]), 1, 1, 0, 2)
new marking:  [0, 0, 0, 1, 0, 1, 0, 0, 1]
m: 1  c: 1  p: 0  r: 2
==================================================
Execution time:  168.6055257320404
[~/Desktop/postdoc/git/luciano/SToRe(dev/luis_testings)]------------------------------[ThinkPad-P1@luis] >> $ python3 replay_cipher_mcpr.py 
Initial marking:  [1, 0, 0, 0, 0, 0, 0, 0, 0]
request:  [1, 0, 0, 0, 0, 0, 0, 0, 0, 1, 0, 0, 0, 0, 0, 0, 0, 0, 0]
result:  (array([[0, 1, 0, 0, 0, 0, 0, 0, 0]]), 0, 1, 1, 0)
new marking:  [0, 1, 0, 0, 0, 0, 0, 0, 0]
m: 0  c: 1  p: 1  r: 0
==================================================
request:  [0, 1, 0, 0, 0, 0, 0, 0, 0, 0, 0, 0, 1, 0, 0, 0, 0, 0, 0]
result:  (array([[0, 0, 1, 0, 0, 1, 0, 0, 0]]), 0, 1, 2, 0)
new marking:  [0, 0, 1, 0, 0, 1, 0, 0, 0]
m: 0  c: 1  p: 2  r: 0
==================================================
request:  [0, 0, 1, 0, 0, 1, 0, 0, 0, 0, 0, 1, 0, 0, 0, 0, 0, 0, 0]
result:  (array([[0, 0, 0, 1, 0, 1, 0, 0, 0]]), 0, 1, 1, 0)
new marking:  [0, 0, 0, 1, 0, 1, 0, 0, 0]
m: 0  c: 1  p: 1  r: 0
==================================================
request:  [0, 0, 0, 1, 0, 1, 0, 0, 0, 0, 0, 0, 0, 0, 0, 1, 0, 0, 0]
result:  (array([[0, 0, 0, 1, 0, 1, 0, 0, 1]]), 1, 1, 0, 2)
new marking:  [0, 0, 0, 1, 0, 1, 0, 0, 1]
m: 1  c: 1  p: 0  r: 2
==================================================
Execution time:  168.98494720458984
[~/Desktop/postdoc/git/luciano/SToRe(dev/luis_testings)]------------------------------[ThinkPad-P1@luis] >> $ python3 replay_cipher_mcpr.py 
Initial marking:  [1, 0, 0, 0, 0, 0, 0, 0, 0]
request:  [1, 0, 0, 0, 0, 0, 0, 0, 0, 1, 0, 0, 0, 0, 0, 0, 0, 0, 0]
result:  (array([[0, 1, 0, 0, 0, 0, 0, 0, 0]]), 0, 1, 1, 0)
new marking:  [0, 1, 0, 0, 0, 0, 0, 0, 0]
m: 0  c: 1  p: 1  r: 0
==================================================
request:  [0, 1, 0, 0, 0, 0, 0, 0, 0, 0, 0, 0, 1, 0, 0, 0, 0, 0, 0]
result:  (array([[0, 0, 1, 0, 0, 1, 0, 0, 0]]), 0, 1, 2, 0)
new marking:  [0, 0, 1, 0, 0, 1, 0, 0, 0]
m: 0  c: 1  p: 2  r: 0
==================================================
request:  [0, 0, 1, 0, 0, 1, 0, 0, 0, 0, 0, 1, 0, 0, 0, 0, 0, 0, 0]
result:  (array([[0, 0, 0, 1, 0, 1, 0, 0, 0]]), 0, 1, 1, 0)
new marking:  [0, 0, 0, 1, 0, 1, 0, 0, 0]
m: 0  c: 1  p: 1  r: 0
==================================================
request:  [0, 0, 0, 1, 0, 1, 0, 0, 0, 0, 0, 0, 0, 0, 0, 1, 0, 0, 0]
result:  (array([[0, 0, 0, 1, 0, 1, 0, 0, 1]]), 1, 1, 0, 2)
new marking:  [0, 0, 0, 1, 0, 1, 0, 0, 1]
m: 1  c: 1  p: 0  r: 2
==================================================
Execution time:  169.3026406764984
[~/Desktop/postdoc/git/luciano/SToRe(dev/luis_testings)]------------------------------[ThinkPad-P1@luis] >> $ python3 replay_cipher_mcpr.py 
Initial marking:  [1, 0, 0, 0, 0, 0, 0, 0, 0]
request:  [1, 0, 0, 0, 0, 0, 0, 0, 0, 1, 0, 0, 0, 0, 0, 0, 0, 0, 0]
result:  (array([[0, 1, 0, 0, 0, 0, 0, 0, 0]]), 0, 1, 1, 0)
new marking:  [0, 1, 0, 0, 0, 0, 0, 0, 0]
m: 0  c: 1  p: 1  r: 0
==================================================
request:  [0, 1, 0, 0, 0, 0, 0, 0, 0, 0, 0, 0, 1, 0, 0, 0, 0, 0, 0]
result:  (array([[0, 0, 1, 0, 0, 1, 0, 0, 0]]), 0, 1, 2, 0)
new marking:  [0, 0, 1, 0, 0, 1, 0, 0, 0]
m: 0  c: 1  p: 2  r: 0
==================================================
request:  [0, 0, 1, 0, 0, 1, 0, 0, 0, 0, 0, 1, 0, 0, 0, 0, 0, 0, 0]
result:  (array([[0, 0, 0, 1, 0, 1, 0, 0, 0]]), 0, 1, 1, 0)
new marking:  [0, 0, 0, 1, 0, 1, 0, 0, 0]
m: 0  c: 1  p: 1  r: 0
==================================================
request:  [0, 0, 0, 1, 0, 1, 0, 0, 0, 0, 0, 0, 0, 0, 0, 1, 0, 0, 0]
result:  (array([[0, 0, 0, 1, 0, 1, 0, 0, 1]]), 1, 1, 0, 2)
new marking:  [0, 0, 0, 1, 0, 1, 0, 0, 1]
m: 1  c: 1  p: 0  r: 2
==================================================
Execution time:  167.86696481704712
[~/Desktop/postdoc/git/luciano/SToRe(dev/luis_testings)]------------------------------[ThinkPad-P1@luis] >> $ python3 replay_cipher_mcpr.py 
Initial marking:  [1, 0, 0, 0, 0, 0, 0, 0, 0]
request:  [1, 0, 0, 0, 0, 0, 0, 0, 0, 1, 0, 0, 0, 0, 0, 0, 0, 0, 0]
result:  (array([[0, 1, 0, 0, 0, 0, 0, 0, 0]]), 0, 1, 1, 0)
new marking:  [0, 1, 0, 0, 0, 0, 0, 0, 0]
m: 0  c: 1  p: 1  r: 0
==================================================
request:  [0, 1, 0, 0, 0, 0, 0, 0, 0, 0, 0, 0, 1, 0, 0, 0, 0, 0, 0]
result:  (array([[0, 0, 1, 0, 0, 1, 0, 0, 0]]), 0, 1, 2, 0)
new marking:  [0, 0, 1, 0, 0, 1, 0, 0, 0]
m: 0  c: 1  p: 2  r: 0
==================================================
request:  [0, 0, 1, 0, 0, 1, 0, 0, 0, 0, 0, 1, 0, 0, 0, 0, 0, 0, 0]
result:  (array([[0, 0, 0, 1, 0, 1, 0, 0, 0]]), 0, 1, 1, 0)
new marking:  [0, 0, 0, 1, 0, 1, 0, 0, 0]
m: 0  c: 1  p: 1  r: 0
==================================================
request:  [0, 0, 0, 1, 0, 1, 0, 0, 0, 0, 0, 0, 0, 0, 0, 1, 0, 0, 0]
result:  (array([[0, 0, 0, 1, 0, 1, 0, 0, 1]]), 1, 1, 0, 2)
new marking:  [0, 0, 0, 1, 0, 1, 0, 0, 1]
m: 1  c: 1  p: 0  r: 2
==================================================
Execution time:  143.02025723457336




Replay_Cipher




[~/Desktop/postdoc/git/luciano/SToRe(dev/luis_testings)]------------------------------[ThinkPad-P1@luis] >> $ python3 replay_cipher.py 
Initial marking:  [1, 0, 0, 0, 0, 0, 0, 0, 0]
request:  [1, 0, 0, 0, 0, 0, 0, 0, 0, 1, 0, 0, 0, 0, 0, 0, 0, 0, 0]
new marking:  [0, 1, 0, 0, 0, 0, 0, 0, 0]
==================================================
request:  [0, 1, 0, 0, 0, 0, 0, 0, 0, 0, 0, 0, 1, 0, 0, 0, 0, 0, 0]
new marking:  [0, 0, 1, 0, 0, 1, 0, 0, 0]
==================================================
request:  [0, 0, 1, 0, 0, 1, 0, 0, 0, 0, 0, 1, 0, 0, 0, 0, 0, 0, 0]
new marking:  [0, 0, 0, 1, 0, 1, 0, 0, 0]
==================================================
request:  [0, 0, 0, 1, 0, 1, 0, 0, 0, 0, 0, 0, 0, 0, 0, 1, 0, 0, 0]
new marking:  [0, 0, 0, 1, 0, 1, 0, 0, 1]
==================================================
Execution time:  6.153831243515015
[~/Desktop/postdoc/git/luciano/SToRe(dev/luis_testings)]------------------------------[ThinkPad-P1@luis] >> $ python3 replay_cipher.py 
Initial marking:  [1, 0, 0, 0, 0, 0, 0, 0, 0]
request:  [1, 0, 0, 0, 0, 0, 0, 0, 0, 1, 0, 0, 0, 0, 0, 0, 0, 0, 0]
new marking:  [0, 1, 0, 0, 0, 0, 0, 0, 0]
==================================================
request:  [0, 1, 0, 0, 0, 0, 0, 0, 0, 0, 0, 0, 1, 0, 0, 0, 0, 0, 0]
new marking:  [0, 0, 1, 0, 0, 1, 0, 0, 0]
==================================================
request:  [0, 0, 1, 0, 0, 1, 0, 0, 0, 0, 0, 1, 0, 0, 0, 0, 0, 0, 0]
new marking:  [0, 0, 0, 1, 0, 1, 0, 0, 0]
==================================================
request:  [0, 0, 0, 1, 0, 1, 0, 0, 0, 0, 0, 0, 0, 0, 0, 1, 0, 0, 0]
new marking:  [0, 0, 0, 1, 0, 1, 0, 0, 1]
==================================================
Execution time:  6.1992645263671875
[~/Desktop/postdoc/git/luciano/SToRe(dev/luis_testings)]------------------------------[ThinkPad-P1@luis] >> $ python3 replay_cipher.py 
Initial marking:  [1, 0, 0, 0, 0, 0, 0, 0, 0]
request:  [1, 0, 0, 0, 0, 0, 0, 0, 0, 1, 0, 0, 0, 0, 0, 0, 0, 0, 0]
new marking:  [0, 1, 0, 0, 0, 0, 0, 0, 0]
==================================================
request:  [0, 1, 0, 0, 0, 0, 0, 0, 0, 0, 0, 0, 1, 0, 0, 0, 0, 0, 0]
new marking:  [0, 0, 1, 0, 0, 1, 0, 0, 0]
==================================================
request:  [0, 0, 1, 0, 0, 1, 0, 0, 0, 0, 0, 1, 0, 0, 0, 0, 0, 0, 0]
new marking:  [0, 0, 0, 1, 0, 1, 0, 0, 0]
==================================================
request:  [0, 0, 0, 1, 0, 1, 0, 0, 0, 0, 0, 0, 0, 0, 0, 1, 0, 0, 0]
new marking:  [0, 0, 0, 1, 0, 1, 0, 0, 1]
==================================================
Execution time:  6.288900852203369
[~/Desktop/postdoc/git/luciano/SToRe(dev/luis_testings)]------------------------------[ThinkPad-P1@luis] >> $ python3 replay_cipher.py 
Initial marking:  [1, 0, 0, 0, 0, 0, 0, 0, 0]
request:  [1, 0, 0, 0, 0, 0, 0, 0, 0, 1, 0, 0, 0, 0, 0, 0, 0, 0, 0]
new marking:  [0, 1, 0, 0, 0, 0, 0, 0, 0]
==================================================
request:  [0, 1, 0, 0, 0, 0, 0, 0, 0, 0, 0, 0, 1, 0, 0, 0, 0, 0, 0]
new marking:  [0, 0, 1, 0, 0, 1, 0, 0, 0]
==================================================
request:  [0, 0, 1, 0, 0, 1, 0, 0, 0, 0, 0, 1, 0, 0, 0, 0, 0, 0, 0]
new marking:  [0, 0, 0, 1, 0, 1, 0, 0, 0]
==================================================
request:  [0, 0, 0, 1, 0, 1, 0, 0, 0, 0, 0, 0, 0, 0, 0, 1, 0, 0, 0]
new marking:  [0, 0, 0, 1, 0, 1, 0, 0, 1]
==================================================
Execution time:  6.317386150360107
[~/Desktop/postdoc/git/luciano/SToRe(dev/luis_testings)]------------------------------[ThinkPad-P1@luis] >> $ python3 replay_cipher.py 
Initial marking:  [1, 0, 0, 0, 0, 0, 0, 0, 0]
request:  [1, 0, 0, 0, 0, 0, 0, 0, 0, 1, 0, 0, 0, 0, 0, 0, 0, 0, 0]
new marking:  [0, 1, 0, 0, 0, 0, 0, 0, 0]
==================================================
request:  [0, 1, 0, 0, 0, 0, 0, 0, 0, 0, 0, 0, 1, 0, 0, 0, 0, 0, 0]
new marking:  [0, 0, 1, 0, 0, 1, 0, 0, 0]
==================================================
request:  [0, 0, 1, 0, 0, 1, 0, 0, 0, 0, 0, 1, 0, 0, 0, 0, 0, 0, 0]
new marking:  [0, 0, 0, 1, 0, 1, 0, 0, 0]
==================================================
request:  [0, 0, 0, 1, 0, 1, 0, 0, 0, 0, 0, 0, 0, 0, 0, 1, 0, 0, 0]
new marking:  [0, 0, 0, 1, 0, 1, 0, 0, 1]
==================================================
Execution time:  6.346795320510864




Replay_Clear




[~/Desktop/postdoc/git/luciano/SToRe(dev/luis_testings)]------------------------------[ThinkPad-P1@luis] >> $ python3 replay_clear.py 
Initial marking:  [1, 0, 0, 0, 0, 0, 0, 0, 0]
final marking:  [0, 0, 0, 0, 0, 0, 0, 0, 1]
selector:  [[0 0 0 0 0 1 0 0 0 0 0 0 0]] [[1 0 0 0 0 0 0 0 0 0]] [[1 0 0 0 0 0 0 0 0]]
selector:  [[0 0 0 0 0 0 0 0 0 0 0 0 1]] [[0 0 0 1 0 0 0 0 1 0]] [[0 1 0 0 0 0 0 0 0]]
selector:  [[0 0 0 0 0 0 1 0 0 0 0 0 0]] [[0 0 1 0 0 0 0 0 0 0]] [[0 0 1 0 0 1 0 0 0]]
Need to insert tokens
selector:  [[0 0 0 0 0 0 0 0 0 0 0 0 0]] [[0 0 1 0 0 0 0 0 0 0]] [[0 0 0 1 0 1 0 1 0]]
[0, 0, 0, 1, 0, 1, 0, 0, 1]
Execution time:  0.001926422119140625
[~/Desktop/postdoc/git/luciano/SToRe(dev/luis_testings)]------------------------------[ThinkPad-P1@luis] >> $ python3 replay_clear.py 
Initial marking:  [1, 0, 0, 0, 0, 0, 0, 0, 0]
final marking:  [0, 0, 0, 0, 0, 0, 0, 0, 1]
selector:  [[0 0 0 0 0 1 0 0 0 0 0 0 0]] [[1 0 0 0 0 0 0 0 0 0]] [[1 0 0 0 0 0 0 0 0]]
selector:  [[0 0 0 0 0 0 0 0 0 0 0 0 1]] [[0 0 0 1 0 0 0 0 1 0]] [[0 1 0 0 0 0 0 0 0]]
selector:  [[0 0 0 0 0 0 1 0 0 0 0 0 0]] [[0 0 1 0 0 0 0 0 0 0]] [[0 0 1 0 0 1 0 0 0]]
Need to insert tokens
selector:  [[0 0 0 0 0 0 0 0 0 0 0 0 0]] [[0 0 1 0 0 0 0 0 0 0]] [[0 0 0 1 0 1 0 1 0]]
[0, 0, 0, 1, 0, 1, 0, 0, 1]
Execution time:  0.0030527114868164062
[~/Desktop/postdoc/git/luciano/SToRe(dev/luis_testings)]------------------------------[ThinkPad-P1@luis] >> $ python3 replay_clear.py 
Initial marking:  [1, 0, 0, 0, 0, 0, 0, 0, 0]
final marking:  [0, 0, 0, 0, 0, 0, 0, 0, 1]
selector:  [[0 0 0 0 0 1 0 0 0 0 0 0 0]] [[1 0 0 0 0 0 0 0 0 0]] [[1 0 0 0 0 0 0 0 0]]
selector:  [[0 0 0 0 0 0 0 0 0 0 0 0 1]] [[0 0 0 1 0 0 0 0 1 0]] [[0 1 0 0 0 0 0 0 0]]
selector:  [[0 0 0 0 0 0 1 0 0 0 0 0 0]] [[0 0 1 0 0 0 0 0 0 0]] [[0 0 1 0 0 1 0 0 0]]
Need to insert tokens
selector:  [[0 0 0 0 0 0 0 0 0 0 0 0 0]] [[0 0 1 0 0 0 0 0 0 0]] [[0 0 0 1 0 1 0 1 0]]
[0, 0, 0, 1, 0, 1, 0, 0, 1]
Execution time:  0.003055095672607422
[~/Desktop/postdoc/git/luciano/SToRe(dev/luis_testings)]------------------------------[ThinkPad-P1@luis] >> $ python3 replay_clear.py 
Initial marking:  [1, 0, 0, 0, 0, 0, 0, 0, 0]
final marking:  [0, 0, 0, 0, 0, 0, 0, 0, 1]
selector:  [[0 0 0 0 0 1 0 0 0 0 0 0 0]] [[1 0 0 0 0 0 0 0 0 0]] [[1 0 0 0 0 0 0 0 0]]
selector:  [[0 0 0 0 0 0 0 0 0 0 0 0 1]] [[0 0 0 1 0 0 0 0 1 0]] [[0 1 0 0 0 0 0 0 0]]
selector:  [[0 0 0 0 0 0 1 0 0 0 0 0 0]] [[0 0 1 0 0 0 0 0 0 0]] [[0 0 1 0 0 1 0 0 0]]
Need to insert tokens
selector:  [[0 0 0 0 0 0 0 0 0 0 0 0 0]] [[0 0 1 0 0 0 0 0 0 0]] [[0 0 0 1 0 1 0 1 0]]
[0, 0, 0, 1, 0, 1, 0, 0, 1]
Execution time:  0.003040790557861328
[~/Desktop/postdoc/git/luciano/SToRe(dev/luis_testings)]------------------------------[ThinkPad-P1@luis] >> $ python3 replay_clear.py 
Initial marking:  [1, 0, 0, 0, 0, 0, 0, 0, 0]
final marking:  [0, 0, 0, 0, 0, 0, 0, 0, 1]
selector:  [[0 0 0 0 0 1 0 0 0 0 0 0 0]] [[1 0 0 0 0 0 0 0 0 0]] [[1 0 0 0 0 0 0 0 0]]
selector:  [[0 0 0 0 0 0 0 0 0 0 0 0 1]] [[0 0 0 1 0 0 0 0 1 0]] [[0 1 0 0 0 0 0 0 0]]
selector:  [[0 0 0 0 0 0 1 0 0 0 0 0 0]] [[0 0 1 0 0 0 0 0 0 0]] [[0 0 1 0 0 1 0 0 0]]
Need to insert tokens
selector:  [[0 0 0 0 0 0 0 0 0 0 0 0 0]] [[0 0 1 0 0 0 0 0 0 0]] [[0 0 0 1 0 1 0 1 0]]
[0, 0, 0, 1, 0, 1, 0, 0, 1]
Execution time:  0.003049612045288086





Replay_Cear_MCPR





selector:  [[0 0 0 0 0 0 1 0 0 0 0 0 0]] [[0 0 1 0 0 0 0 0 0 0]] [[0 0 1 0 0 1 0 0 0]]
m: 0  c: 1  p: 1  r: 0
==================================================
Need to insert tokens
selector:  [[0 0 0 0 0 0 0 0 0 0 0 0 0]] [[0 0 1 0 0 0 0 0 0 0]] [[0 0 0 1 0 1 0 1 0]]
m: 1  c: 1  p: 0  r: 2
==================================================
[0, 0, 0, 1, 0, 1, 0, 0, 1]
Execution time:  0.004067420959472656
[~/Desktop/postdoc/git/luciano/SToRe(dev/luis_testings)]------------------------------[ThinkPad-P1@luis] >> $ python3 replay_clear_mcpr.py 
Initial marking:  [1, 0, 0, 0, 0, 0, 0, 0, 0]
final marking:  [0, 0, 0, 0, 0, 0, 0, 0, 1]
selector:  [[0 0 0 0 0 1 0 0 0 0 0 0 0]] [[1 0 0 0 0 0 0 0 0 0]] [[1 0 0 0 0 0 0 0 0]]
m: 0  c: 1  p: 1  r: 0
==================================================
selector:  [[0 0 0 0 0 0 0 0 0 0 0 0 1]] [[0 0 0 1 0 0 0 0 1 0]] [[0 1 0 0 0 0 0 0 0]]
m: 0  c: 1  p: 2  r: 0
==================================================
selector:  [[0 0 0 0 0 0 1 0 0 0 0 0 0]] [[0 0 1 0 0 0 0 0 0 0]] [[0 0 1 0 0 1 0 0 0]]
m: 0  c: 1  p: 1  r: 0
==================================================
Need to insert tokens
selector:  [[0 0 0 0 0 0 0 0 0 0 0 0 0]] [[0 0 1 0 0 0 0 0 0 0]] [[0 0 0 1 0 1 0 1 0]]
m: 1  c: 1  p: 0  r: 2
==================================================
[0, 0, 0, 1, 0, 1, 0, 0, 1]
Execution time:  0.004253864288330078
[~/Desktop/postdoc/git/luciano/SToRe(dev/luis_testings)]------------------------------[ThinkPad-P1@luis] >> $ python3 replay_clear_mcpr.py 
Initial marking:  [1, 0, 0, 0, 0, 0, 0, 0, 0]
final marking:  [0, 0, 0, 0, 0, 0, 0, 0, 1]
selector:  [[0 0 0 0 0 1 0 0 0 0 0 0 0]] [[1 0 0 0 0 0 0 0 0 0]] [[1 0 0 0 0 0 0 0 0]]
m: 0  c: 1  p: 1  r: 0
==================================================
selector:  [[0 0 0 0 0 0 0 0 0 0 0 0 1]] [[0 0 0 1 0 0 0 0 1 0]] [[0 1 0 0 0 0 0 0 0]]
m: 0  c: 1  p: 2  r: 0
==================================================
selector:  [[0 0 0 0 0 0 1 0 0 0 0 0 0]] [[0 0 1 0 0 0 0 0 0 0]] [[0 0 1 0 0 1 0 0 0]]
m: 0  c: 1  p: 1  r: 0
==================================================
Need to insert tokens
selector:  [[0 0 0 0 0 0 0 0 0 0 0 0 0]] [[0 0 1 0 0 0 0 0 0 0]] [[0 0 0 1 0 1 0 1 0]]
m: 1  c: 1  p: 0  r: 2
==================================================
[0, 0, 0, 1, 0, 1, 0, 0, 1]
Execution time:  0.0036993026733398438
[~/Desktop/postdoc/git/luciano/SToRe(dev/luis_testings)]------------------------------[ThinkPad-P1@luis] >> $ python3 replay_clear_mcpr.py 
Initial marking:  [1, 0, 0, 0, 0, 0, 0, 0, 0]
final marking:  [0, 0, 0, 0, 0, 0, 0, 0, 1]
selector:  [[0 0 0 0 0 1 0 0 0 0 0 0 0]] [[1 0 0 0 0 0 0 0 0 0]] [[1 0 0 0 0 0 0 0 0]]
m: 0  c: 1  p: 1  r: 0
==================================================
selector:  [[0 0 0 0 0 0 0 0 0 0 0 0 1]] [[0 0 0 1 0 0 0 0 1 0]] [[0 1 0 0 0 0 0 0 0]]
m: 0  c: 1  p: 2  r: 0
==================================================
selector:  [[0 0 0 0 0 0 1 0 0 0 0 0 0]] [[0 0 1 0 0 0 0 0 0 0]] [[0 0 1 0 0 1 0 0 0]]
m: 0  c: 1  p: 1  r: 0
==================================================
Need to insert tokens
selector:  [[0 0 0 0 0 0 0 0 0 0 0 0 0]] [[0 0 1 0 0 0 0 0 0 0]] [[0 0 0 1 0 1 0 1 0]]
m: 1  c: 1  p: 0  r: 2
==================================================
[0, 0, 0, 1, 0, 1, 0, 0, 1]
Execution time:  0.003919124603271484
[~/Desktop/postdoc/git/luciano/SToRe(dev/luis_testings)]------------------------------[ThinkPad-P1@luis] >> $ python3 replay_clear_mcpr.py 
Initial marking:  [1, 0, 0, 0, 0, 0, 0, 0, 0]
final marking:  [0, 0, 0, 0, 0, 0, 0, 0, 1]
selector:  [[0 0 0 0 0 1 0 0 0 0 0 0 0]] [[1 0 0 0 0 0 0 0 0 0]] [[1 0 0 0 0 0 0 0 0]]
m: 0  c: 1  p: 1  r: 0
==================================================
selector:  [[0 0 0 0 0 0 0 0 0 0 0 0 1]] [[0 0 0 1 0 0 0 0 1 0]] [[0 1 0 0 0 0 0 0 0]]
m: 0  c: 1  p: 2  r: 0
==================================================
selector:  [[0 0 0 0 0 0 1 0 0 0 0 0 0]] [[0 0 1 0 0 0 0 0 0 0]] [[0 0 1 0 0 1 0 0 0]]
m: 0  c: 1  p: 1  r: 0
==================================================
Need to insert tokens
selector:  [[0 0 0 0 0 0 0 0 0 0 0 0 0]] [[0 0 1 0 0 0 0 0 0 0]] [[0 0 0 1 0 1 0 1 0]]
m: 1  c: 1  p: 0  r: 2
==================================================
[0, 0, 0, 1, 0, 1, 0, 0, 1]
Execution time:  0.0038297176361083984
